未经量化的矩阵乘法中间结果 (K=25, N=19, M=25)
格式: int32 矩阵，每行对应输出的一行

行 0:    12406    -3280    -4076    16412     7282    -4741    25203    20922   -21707     6573   -41369    14914     1449    20990   -56130    33544   -35679    25901    -9624    -6765       37    33121   -15676   -46806    -1688
行 1:     2073     2575    -1854    26055     -546   -15628   -34881   -73034   -17148    53435    25484    32794    25539   -40719   -24769    11064   -16089    28792    47232   -41197     2889     7712    -3758    20634   -53425
行 2:    25812   -21817   -21233    30942    15198   -27402     2488    24548   -10616   -24569   -13804      -14    23396   -13748     1508   -47264    -1783    32551    25750    -2187    29408    16690   -52613     5143    16006
行 3:   -32229   -20783    -9447     9440     9709    21556   -24579    -2193   -43603    54017   -17392    38966    11613     -569   -17774    21631    -9376    21868    14086    53207    12137    36263   -45880   -11932   -27015
行 4:   -12669    -6311    13722    -5673      650     2929     7073   -12485     4382    -3568   -28288     8350    15877    21951   -29456     9013     6771    20433    48003     7086    10260    34105    13723   -48592    33162
行 5:     -948    23065    11216    -8634     3503   -30194    29157    17553    35175   -23970    43848   -19142     2181   -31131    22618    -1364    32246     4567   -19136   -29315   -16102     4691    11709     8578     4567
行 6:   -17889     3450     8732    -4262   -44942     2168    11581     8324    23579     7723    43560    -6988   -45308    12925    24754    13032    -5400   -34687   -18330    -7554   -25055   -22054    39538    21038    -5218
行 7:   -39924   -11061   -23564    10931   -36334   -33695   -32152    20341    45651    14847    13962    11901    14399    31392   -30965    -9911    -8505    26271     9859    -5670    33415    23435   -19535   -47498     8757
行 8:   -16084   -42485   -10182      832    -9962    26653     1449     1559   -17337     4186     7326    -6089   -48761    52013   -30275     9064   -27212    17285    -6946    24488    -2262    -9553    25487     4125   -32097
行 9:   -22199   -26792    -3497   -18653   -32314   -15055   -29169   -31584     4891    22940    24478    -8533    14647    34400   -13180   -17116   -33914    22868    37412   -13274     2158   -13544    16430    20698   -23443
行 10:    -5109   -33941     3630   -30670    26579   -33969    48932    44981      614    -4449   -18352    27760     3274    14953    -7415    -2900     8667    16443     1932    17049   -24806   -16130     1271   -48569    62860
行 11:   -32180   -32582   -13169     -916    25742   -58241    -5115   -28653    16099     5118    -7398   -17223    20524    -5299   -56297    -3389     1166    10852    -4712    15546   -10886    20570    40503   -32875   -44114
行 12:    -3894    12156   -31865     4184    18797   -21309    49326    42845   -26192     3729    -7756    42698   -28776   -44648   -18222     7587    19175    20248     -905   -10742   -14334    26601   -24754   -70044    31593
行 13:   -10347     5064   -32458   -21898    -1201   -41963     -950    13874    12500    -8986   -14914   -10185     7824   -19224    -2907    10546   -39469   -42434   -41227      188    -7113   -26162      101    28102     4406
行 14:     3943    -8769   -18421   -11468     3209   -21281   -10153    -4456     8582   -24426   -26293     -610    -7417    -7588   -38720   -25065    -5910    35120    16265    -1532     7616    -4636     6138   -16944    15782
行 15:     7313    11019   -23299    33325       -4    -1726   -10698   -10524   -19792   -17060     5468    14543   -26516   -29369   -32046   -37224   -12622    47411    11993    -1895    51403     3914   -44884    42459   -13535
行 16:    29479    11970    13827    26960     1959    23113    28315     3044   -26889   -16377    16222    41670   -22349    -4504    29796   -12603     6880    26182    12663    14883    16078     3668   -39929    32978    43124
行 17:    17501     -153    -2936   -27734     4779    46345   -19230   -29956   -50540    22974    -4377     4726    36453    67272     3241    24428   -47403   -23155    14140     1025     4218   -19676    -8229    13689   -18231
行 18:   -28199   -19577    -4824   -11924   -20653     2668   -24957   -21993   -10432    44697   -12812    19053     3024     -752      600    -6882   -23242     2172    37789     5126    -4556   -15201   -15208    -2763   -15113
行 19:     1333    43815    16990    24890   -33013    19561   -33202   -49092    13046    31247    21092    26222   -21355   -62008     6451     8558     9448    28542    27835   -33214    -5488     9308   -22316    18328   -44240
行 20:    -6524    28253     6431    14352     5316    31369    19005    -7130   -25976    27181    26606    31039   -25838    -7423   -14908    43780     2155    -7772    -7241   -10574     7594     7834    -4657      637   -19755
行 21:    -9505    16052     8974    10208   -30120    25971   -10788    19164    22969    -8276    -4319      528   -27911    25818     4808   -15267    31066    -9721    -2141    16413    13328    11103     6943   -45555    24720
行 22:    26034     2970     3185   -44842    39225    25894    15759    -4829   -18930   -26847   -16251    -8919   -12709    13245    -5395    24769   -20640   -18769   -36921    13930   -21916   -55522    14861    36522    -8726
行 23:    37487    16105    10509   -23339     5177   -12819    -3171    -9260     4942   -36412   -63488     1834    22199   -10598       17   -29954   -11560     2657    17041     7531    -5676   -21039   -13474    -1971    51162
行 24:   -19056   -12230    12487    22127   -17345   -17785     6610    16014    24175    20565    -4135   -14901    -7588     1158    15198   -28545    29865   -18602   -11617   -10897    -9464     2975    19959   -49042     1810

量化参数: dst_mult=3734293, dst_shift=31
